0.20926181972 0.567805886269 0.0467688329518 -0.161819222594 0.092708184902 -0.661503588268 0.72638332467
0.212765738368 0.535545110703 0.0493537150323 0.284549510993 0.0789415889032 0.723280586768 0.624231522866
0.210714653134 0.568648278713 0.0602865181863 0.0234574626065 0.227200010938 0.714900657738 0.660868331851
0.20606598258 0.604070365429 0.05039800331 -0.635366316147 -0.535568176698 0.533194583125 0.158681785157
0.200851067901 0.635221421719 0.0317913293839 0.289680568202 0.196245969445 0.707643297675 0.613851489482
0.199233368039 0.655456781387 0.0352731272578 0.526778239675 0.755457595785 0.0373055136347 0.3878102704
0.195690095425 0.675722777843 0.0218424722552 0.745267183121 -0.653134181025 0.103722380805 0.0850543065318
0.200409471989 0.639724373817 0.0318489857018 -0.334184881452 0.159364420139 -0.643502609329 0.669946145887
0.205349341035 0.600180089474 0.0406893156469 0.265865170053 -0.402132897428 -0.524199951974 0.702010864951
0.20733051002 0.585364043713 0.0451485738158 0.265865170053 -0.402132897428 -0.524199951974 0.702010864951
0.160209074616 0.615335464478 0.101696737111 0.102560041851 0.413343027113 0.630261951943 0.649152410213
0.157645985484 0.632334053516 0.0940287336707 -0.100702821833 0.52387591301 0.547799393424 0.644460079452
0.154632925987 0.644473552704 0.0781495794654 -0.67959964774 0.199465913067 -0.620980486998 0.335769121694
0.157702147961 0.63031733036 0.0927575901151 -0.445160386387 0.036615708089 -0.653287340256 0.611315934173
0.163039922714 0.599448084831 0.112692765892 0.682117743417 -0.655109541986 0.0301523973337 0.323477518616
0.166289195418 0.579135775566 0.123496085405 0.682117743417 -0.655109541986 0.0301523973337 0.323477518616
0.145816683769 0.679598748684 0.0313403382897 -0.427151698549 -0.696085272702 0.00609653492765 0.577035139152
0.145948946476 0.682177901268 0.0347614251077 0.717366051119 -0.653317049157 0.0719097706381 0.231066585359
0.150238975883 0.65366101265 0.0475386492908 0.717366051119 -0.653317049157 0.0719097706381 0.231066585359
0.140426784754 0.715155184269 0.015049636364 -0.640293062465 0.416640765385 -0.511157145498 0.393895467586
0.142137125134 0.702862083912 0.0193348191679 -0.640293062465 0.416640765385 -0.511157145498 0.393895467586
0.169809028506 0.548990190029 0.12807226181 0.693744502876 -0.591923461166 -0.333140988268 0.239504202021
0.172615513206 0.513372719288 0.121583499014 -0.292762545569 0.544948032028 -0.430562321279 0.657219766741
0.173963218927 0.479579180479 0.103858843446 0.0936163099727 0.568198747274 -0.448199827044 0.683741972634
0.172153219581 0.46026417613 0.071029625833 -0.0738791290835 0.712091170076 -0.171672320105 0.676754500758
0.169471025467 0.447876125574 0.0365911871195 -0.26189487815 -0.650744297593 -0.161735148861 0.694107105259
0.173371896148 0.452380359173 0.07484934479 0.711208095675 0.297451390662 0.626752449908 0.113521281588
0.174804136157 0.474027752876 0.106396570802 0.412849381022 0.151735385392 0.70613737709 0.554888967349
0.173188105226 0.507945418358 0.121869966388 0.429974445001 0.35907461694 0.640359671677 0.525477770229
0.17017185688 0.545915305614 0.128572493792 0.429974445001 0.35907461694 0.640359671677 0.525477770229
0.127063348889 0.430618405342 0.0932646393776 0.44389708932 -0.228422901891 0.653439467637 0.569030064336
0.128618970513 0.450805097818 0.124619118869 -0.196149118137 -0.500635629194 0.516716373559 0.66625346493
0.127190738916 0.486645936966 0.143427744508 0.103384595403 0.326054374502 -0.621985679954 0.704367790457
0.127511441708 0.467636168003 0.129609107971 0.148184356202 0.378473117877 -0.600770250521 0.688385503704
0.127231448889 0.443615019321 0.106119990349 0.221106478887 0.319717160304 -0.634713092751 0.667856385978
0.127042979002 0.430510371923 0.0929909050465 0.221106478887 0.319717160304 -0.634713092751 0.667856385978
0.121807716787 0.556037604809 0.156814262271 -0.542766332983 0.39134645683 0.637396594359 0.382070988176
0.121727362275 0.556079685688 0.156144291162 -0.542766332983 0.39134645683 0.637396594359 0.382070988176
0.118035793304 0.587866723537 0.151494130492 -0.211480393374 -0.00525680312908 0.751334020858 0.625096471227
0.117947153747 0.588513374329 0.151280388236 -0.211480393374 -0.00525680312908 0.751334020858 0.625096471227
0.12476348877 0.526799559593 0.157222956419 0.00415883450211 0.0388989034396 0.741973701149 0.669286639797
0.12245900929 0.548798084259 0.156206682324 0.714002050859 -0.623572487697 -0.268056930437 0.171767010804
0.124845847487 0.518963217735 0.151088163257 0.708921695271 -0.609115451044 -0.303346074047 0.185444214342
0.126348599792 0.499118626118 0.146937176585 0.708921695271 -0.609115451044 -0.303346074047 0.185444214342
0.0935969427228 0.690208315849 0.0260915216058 0.657283132334 0.744168815322 -0.0869717901416 0.0814098640915
0.0897140204906 0.720717191696 0.0186392702162 0.73209979223 -0.610721530767 0.232966660006 0.191769761431
0.0928943604231 0.703123390675 0.0312159117311 0.714329399672 -0.60420521515 0.246595256233 0.252706047324
0.0960756167769 0.687274992466 0.0453283898532 -0.206423577961 -0.395005117841 -0.519118184942 0.729298686001
0.101431764662 0.665914773941 0.0737485066056 0.590415179638 -0.585512829264 0.292328884439 0.47236475921
0.106894426048 0.650101542473 0.107960984111 0.508966122291 -0.651313808367 -0.035934629492 0.561651592888
0.112535186112 0.623473823071 0.134273916483 -0.649952771953 -0.499225562135 0.570257074453 0.056054450121
0.1079935655 0.645226359367 0.113362468779 0.196738407365 0.746736095719 0.121508140138 0.623630478968
0.102496057749 0.662140488625 0.0798071622849 -0.393724010163 0.467257209092 0.590571395714 0.527140902356
0.097433924675 0.671746969223 0.0436853431165 0.627621257505 0.572659418163 -0.496018358427 0.179216450197
0.0946878492832 0.681789338589 0.028318727389 0.627621257505 0.572659418163 -0.496018358427 0.179216450197
0.120642989874 0.41395676136 0.0222012978047 0.643600448612 -0.2978025627 0.598366589082 0.372893444921
0.123971283436 0.415922403336 0.0532004609704 -0.475100893568 0.504362298164 0.551084100161 0.464977556094
0.123365052044 0.416095882654 0.0480193085968 -0.475100893568 0.504362298164 0.551084100161 0.464977556094
0.0461889691651 0.661231935024 0.028520476073 -0.600919808976 -0.238636044532 -0.612724767348 0.45444095426
0.051204200834 0.651216030121 0.0638715550303 -0.0986931297385 -0.537819400583 -0.371809301293 0.750178513403
0.0569282099605 0.633387207985 0.0986187532544 -0.247977156158 -0.389621385257 -0.523491604294 0.716002127377
0.0627031475306 0.61172068119 0.130454838276 -0.0302231883379 -0.277528990463 -0.594451317479 0.754116602049
0.0681009888649 0.577606916428 0.148078337312 0.751132645736 -0.631334331375 0.191099277101 0.026415465708
0.0709748342633 0.556831002235 0.155173182487 0.648282826375 0.746882399063 -0.0759281954379 0.127007748323
0.0659339874983 0.594443917274 0.143753096461 -0.57861147073 -0.367908345686 0.660751637746 0.30538416516
0.0602722838521 0.627073526382 0.122509486973 -0.406676331774 0.272022972681 0.706688726426 0.51108600788
0.0545693933964 0.646539092064 0.0893807411194 0.479748257876 0.700669999233 -0.284378454571 0.445007927812
0.0516943670809 0.654930591583 0.0714348852634 -0.535191247152 0.0947869463196 0.75081951336 0.375307636662
0.0463648363948 0.671865820885 0.0393756665289 0.583674355537 0.747685932585 -0.117221984905 0.294192112673
0.040349856019 0.705085039139 0.0155404098332 0.583674355537 0.747685932585 -0.117221984905 0.294192112673
0.0748536065221 0.409075856209 0.0599601864815 0.480011520552 0.652289101496 -0.377750656668 0.448789827864
0.0722339227796 0.41459274292 0.0417442470789 0.574149544171 -0.347740627496 0.57443558208 0.468457595687
0.0762974694371 0.420339912176 0.0825213566422 0.304328005835 -0.409350850282 0.553637552703 0.658256641801
0.0773451477289 0.430035918951 0.100224785507 0.407584895184 0.302347269754 -0.658828218383 0.555343191506
0.0753798261285 0.411311894655 0.0665465071797 0.407584895184 0.302347269754 -0.658828218383 0.555343191506
0.0757276788354 0.508125424385 0.154349952936 -0.707141207072 0.683843919941 0.0513978400827 0.172241308794
0.0768669471145 0.489925146103 0.148440718651 0.27147807668 0.101415758958 -0.689820501422 0.66344718971
0.0778610184789 0.459081023932 0.130186751485 -0.598358952807 0.694036537877 0.147913826951 0.372023315781
0.0775945335627 0.432153433561 0.104272134602 0.252155586949 -0.36459356127 0.593928039553 0.671370671748
0.0786509215832 0.454785346985 0.133375301957 -0.685235331131 -0.686690698974 -0.218401506703 0.105873541468
0.0772340297699 0.487729132175 0.149747639894 -0.0116409558775 -0.166023139062 0.713475822118 0.680626958543
0.0751230418682 0.515840530396 0.155784234405 -0.0116409558775 -0.166023139062 0.713475822118 0.680626958543
0.0219521708786 0.450174003839 0.0754020661116 -0.374749103745 0.666835478995 0.323083351701 0.557234870634
0.0178730543703 0.444364339113 0.034433349967 -0.6139145726 -0.360831438392 -0.558365239816 0.425602901285
0.0213989578187 0.443384736776 0.0645927116275 -0.6139145726 -0.360831438392 -0.558365239816 0.425602901285
-0.000694162677974 0.621653616428 0.0262862257659 0.334127486323 -0.400248557007 -0.530026393119 0.668754019124
0.00178459181916 0.601099133492 0.0300995856524 0.101902295749 -0.510178541844 -0.406589919581 0.751011594356
0.00583202298731 0.581660032272 0.048688724637 -0.721284603198 -0.304253309732 -0.604834974727 0.146126992902
0.00766465021297 0.587433516979 0.0698637142777 0.163047597612 -0.594612501012 -0.268272611216 0.740190016567
0.0135598676279 0.564037919044 0.10124424845 0.318252726778 -0.476645100013 -0.454275610707 0.682025160862
0.0187637209892 0.527891397476 0.115381829441 0.401270117494 -0.371071007848 -0.558543252164 0.62395355228
0.0225773602724 0.490206003189 0.115942813456 0.689419689754 0.611582592741 0.381624372583 0.0709229291985
0.0216205939651 0.51203083992 0.126630157232 0.634984941011 0.688746571729 0.270220724039 0.222267957477
0.0177611708641 0.552538394928 0.128136739135 0.570364609496 0.732645506353 0.165143728991 0.332629407946
0.0151879843324 0.571535646915 0.122129574418 -0.295475732638 0.235781974062 0.72037522145 0.581515685472
0.0121834520251 0.585613965988 0.108022123575 -0.544578531048 0.0681594304731 0.753809113047 0.361331339142
0.00926146376878 0.595046937466 0.0905746743083 -0.554410388916 0.0411959499161 0.755843846589 0.345878727222
0.00362087995745 0.613483190536 0.0570932403207 -0.312269608718 0.131626374099 0.745790415058 0.573549340441
-0.00209664111026 0.643548250198 0.0331138074398 0.580312232024 0.739751994281 -0.162892503863 0.299116586812
-0.00542938802391 0.660741865635 0.0188461299986 0.641152490221 -0.599736595975 -0.294477702865 0.37752136661
-0.00405516196042 0.648032724857 0.0198103711009 0.641152490221 -0.599736595975 -0.294477702865 0.37752136661
