0.0844670534134 -0.0871649608016 0.823118448257 0.10280191672 0.81022960651 -0.149453282142 0.557336045048
0.0708550512791 -0.0871651545167 0.78757250309 0.0509117265447 0.902581314524 -0.199510011359 0.378088246498
0.0438151955605 -0.089414075017 0.76076489687 -0.0112599741042 0.955227814629 -0.230014135892 0.185759340092
0.00827916432172 -0.0934981182218 0.747412919998 0.0762634593587 -0.963420930324 0.256117607465 0.0201932396427
-0.0294402465224 -0.098715685308 0.750391125679 0.137673465943 -0.929783898994 0.259423168516 0.221917862247
-0.0623703822494 -0.10408732295 0.768850624561 0.191974792559 -0.854581668059 0.25307315919 0.410840392047
-0.0848157554865 -0.108668990433 0.799327254295 0.250180859104 -0.759772664973 0.271675503969 0.535114432473
-0.0906221792102 -0.110387258232 0.817567050457 0.250180859104 -0.759772664973 0.271675503969 0.535114432473
-0.111851729453 -0.0625464618206 0.814129531384 0.809623471843 0.0983414514668 -0.575631583667 0.0590514407108
-0.105748035014 -0.0607946552336 0.796013474464 0.880093055216 0.0967874533409 -0.461215103073 0.0578708193601
-0.0844772681594 -0.0563178919256 0.764517247677 0.952302915858 0.0787270148253 -0.294165351465 0.0196966896286
-0.0532856844366 -0.0510197505355 0.742943763733 0.990359246967 0.072318064847 -0.11783047859 0.00863931476067
-0.0165006499738 -0.045619033277 0.733969509602 0.995994965211 0.0630478887736 0.0633951396228 0.000221962676483
0.0211377609521 -0.0408141165972 0.738798737526 -0.968285343861 -0.0519935556979 -0.243891241585 0.015402120213
0.0546467788517 -0.0372483916581 0.756934762001 -0.907969493158 -0.0405287401452 -0.415968254719 0.0303188354468
0.079510435462 -0.0353998504579 0.785893917084 -0.817760574153 -0.0334336560206 -0.572419840009 0.0498533927681
0.0927417054772 -0.0354923009872 0.822196483612 -0.817760574153 -0.0334336560206 -0.572419840009 0.0498533927681
0.0767692625523 0.0126812206581 0.826008915901 -0.155225074756 0.794549080051 0.226704102649 0.541481472812
0.063206449151 0.012638323009 0.791458547115 -0.134209319148 0.883310303489 0.243162174198 0.377654502744
0.0380400978029 0.0106570515782 0.764300644398 -0.104127356743 0.94309635042 0.250814694123 0.191882142511
0.00449890363961 0.00694393971935 0.748945534229 -0.0685642593383 0.96556721254 0.250938863416 0.00293039880336
-0.0322179310024 0.00209066621028 0.747460305691 0.0286275710899 -0.953731757485 -0.232104667658 0.18895401607
-0.0666029676795 -0.0031886564102 0.760337114334 -0.011953128226 -0.90549206085 -0.208195850839 0.369588606638
-0.0935629084706 -0.00809609144926 0.785359025002 -0.0462889380003 -0.823196680927 -0.16418246118 0.541524402192
-0.10873991996 -0.0118645122275 0.818988919258 -0.0462889380003 -0.823196680927 -0.16418246118 0.541524402192
-0.0670410692692 0.0437524393201 0.828624725342 -0.768110491003 0.155199309491 0.365640847519 0.502221284466
-0.0419999361038 0.0484663955867 0.802370607853 -0.81624745145 -0.0501308078092 0.0453401028828 0.573734498859
-0.00610690750182 0.053315512836 0.801773130894 0.407282432365 -0.338499800707 0.200970631284 0.824105400158
0.019022397697 0.055337049067 0.828051924706 0.407282432365 -0.338499800707 0.200970631284 0.824105400158
