-0.0165665894747 0.0942977741361 0.939077854156 -0.899519898322 0.0210592785755 0.434995967992 0.034626104874
0.00787881575525 0.093992061913 0.908198297024 0.0374407600318 0.434932547504 -0.0224199469813 0.899404922483
0.0323242284358 0.0936863943934 0.87731808424 -0.899391343891 0.0225772768884 0.434924358777 0.0377661123748
0.0567696467042 0.0933807268739 0.846437871456 -0.89958064695 0.02270008791 0.434500954648 0.03805635363
0.0812519788742 0.0930745899677 0.815569758415 -0.998928850632 0.0414348857015 0.00437777528126 0.0201280079956
0.109153710306 0.0907617434859 0.815278172493 -0.943220234985 0.0482600279322 -0.328380642516 0.0131419800796
0.139859467745 0.0868364274502 0.83962470293 -0.943247979566 0.0491725102014 -0.328260023012 0.010520008462
0.17056594789 0.0829109400511 0.863973379135 -0.943231241193 0.0487530149002 -0.328329811508 0.0117262121168
0.201272591949 0.078985363245 0.888322949409 -0.943247893823 0.0492052199632 -0.328258426575 0.0104241311222
0.21662594378 0.0770226195455 0.900497555733 -0.943247893823 0.0492052199632 -0.328258426575 0.0104241311222
0.212673515081 0.0272385291755 0.898034095764 0.0488744710815 0.943240724623 0.0113767106243 0.328296804653
0.197317764163 0.0292015746236 0.885858178139 0.048829855903 0.943234991529 0.0115041941472 0.328315472443
0.166607052088 0.0331276208162 0.861505687237 0.0498638345819 0.943268619907 0.00853335704666 0.328154065215
0.135896891356 0.0370535738766 0.837154269218 0.0474997432643 0.943121145844 0.0153151416993 0.32868179914
0.105191230774 0.0409798547626 0.812787532806 -0.0411177151982 -0.9987717988 -0.0244836988452 0.0128365069388
0.0772548243403 0.0432653166354 0.813562989235 -0.022210570311 -0.899421970134 -0.03700799524 0.434945075263
0.0528066381812 0.0435710065067 0.844446957111 -0.0223294271938 -0.899414507048 -0.037252863578 0.434933518308
0.0283580776304 0.0438767485321 0.875330626965 -0.0224875346207 -0.899401464913 -0.0375797317848 0.434924222662
0.00390943605453 0.044182498008 0.906214237213 0.434918716248 -0.03751441677 0.899407631565 0.0224564261076
-0.020539291203 0.0444883033633 0.937096953392 0.434918716248 -0.03751441677 0.899407631565 0.0224564261076
0.20933046937 -0.0226235706359 0.896055757999 0.04884053682 0.943227940865 0.0114779976892 0.32833505616
0.178658649325 -0.018702249974 0.871731877327 0.047888520291 0.943195533123 0.0142037086094 0.328461764264
0.147992357612 -0.0147819435224 0.847413778305 0.0488347192444 0.943246379515 0.0114906987684 0.328282502685
0.117314606905 -0.0108602978289 0.823090851307 0.0490819373013 0.943243731208 0.0107802932931 0.328277340436
0.0866419300437 -0.00693910801783 0.79876857996 -0.393906326771 -0.22692601612 -0.885861696899 0.092690036708
0.0617142356932 -0.00639962311834 0.826197147369 -0.0224849044705 -0.899404009611 -0.037573703473 0.43491961714
0.0372957363725 -0.00609421636909 0.857042014599 -0.0232134771385 -0.899338301936 -0.0390806607913 0.434884415795
0.0128774382174 -0.00578883104026 0.887887060642 -0.0224192917497 -0.89940913298 -0.0374379763507 0.434924113836
-0.0115409847349 -0.00548342708498 0.918731987476 0.434939499915 -0.0367086502612 0.899440475409 0.0220666627933
-0.0237498246133 -0.00533072417602 0.934153795242 0.434939499915 -0.0367086502612 0.899440475409 0.0220666627933
0.0932447686791 -0.058072604239 0.804675400257 0.102124368178 -0.0366932791177 0.993332472028 0.0389206462693
0.069199681282 -0.0563524998724 0.809743583202 0.434911698964 -0.0374334919388 0.899415337744 0.0224186979243
0.0477268099785 -0.0560838058591 0.83686619997 0.434868883036 -0.0399759354232 0.899295201925 0.0236456961936
0.026255261153 -0.0558153390884 0.863989889622 0.434868883036 -0.0399759354232 0.899295201925 0.0236456961936
